Total number of games: 20
Average game length: 316.28
Game length vector: [309, 335, 226, 53, 287, 374, 197, 534, 1175, 426, 193, 332, 186, 583, 236, 379, 278, 152, 169, 332, 255, 119, 368, 311, 98]

Average #throws: 16.0
#throws vector: [15, 15, 14, 24, 30, 12, 19, 9, 27, 20, 18, 11, 7, 14, 14, 10, 8, 22, 23, 8]

Score
HYBRID1:10
HYBRID2:10

|-----------------------|

Total number of games: 20
Average game length: 318.1904761904762
Game length vector: [269, 234, 220, 439, 118, 207, 614, 198, 204, 221, 186, 318, 328, 299, 118, 987, 115, 410, 294, 479, 424]

Average #throws: 16.75
#throws vector: [6, 18, 12, 20, 5, 13, 33, 13, 6, 14, 16, 13, 26, 19, 10, 18, 23, 21, 27, 22]

Score
HYBRID1:7
HYBRID2:13

|-----------------------|

Total number of games: 20
Average game length: 338.53846153846155
Game length vector: [133, 164, 193, 219, 417, 243, 39, 240, 163, 11, 1108, 244, 242, 199, 226, 222, 66, 117, 445, 121, 390, 739, 137, 210, 309, 237, 225, 259, 3032, 359, 401, 392, 278, 171, 216, 347, 133, 161, 395]

Average #throws: 17.2
#throws vector: [29, 6, 17, 22, 12, 12, 16, 12, 13, 16, 52, 27, 16, 16, 7, 13, 22, 10, 8, 18]

Score
HYBRID1:10
HYBRID2:10

|-----------------------|

Total number of games: 20
Average game length: 340.1951219512195
Game length vector: [201, 310, 660, 267, 139, 318, 426, 280, 228, 285, 131, 148, 280, 735, 333, 526, 1323, 392, 171, 159, 668, 212, 168, 343, 308, 287, 157, 89, 496, 467, 1155, 409, 110, 267, 160, 435, 206, 100, 127, 320, 152]

Average #throws: 16.8
#throws vector: [39, 15, 7, 24, 15, 20, 11, 7, 13, 21, 32, 6, 19, 14, 30, 17, 9, 13, 13, 11]

Score
HYBRID1:7
HYBRID2:13

|-----------------------|

Total number of games: 20
Average game length: 313.23333333333335
Game length vector: [211, 335, 179, 292, 382, 395, 159, 200, 123, 124, 422, 127, 263, 1103, 373, 163, 187, 331, 256, 313, 488, 150, 837, 62, 333, 400, 377, 162, 399, 251]

Average #throws: 17.25
#throws vector: [16, 20, 7, 11, 45, 12, 14, 23, 16, 11, 12, 8, 33, 5, 28, 25, 11, 11, 24, 13]

Score
HYBRID1:9
HYBRID2:11

|-----------------------|

