Total number of games: 20
Average game length: 403.35
Game length vector: [157, 186, 205, 485, 302, 353, 1334, 656, 447, 497, 609, 211, 310, 223, 303, 51, 503, 703, 339, 193]

Average #throws: 16.6
#throws vector: [9, 7, 8, 20, 18, 13, 43, 25, 10, 19, 27, 9, 11, 11, 10, 3, 19, 21, 39, 10]

Average #steps: 851.9
#steps vector: [362, 378, 534, 970, 770, 778, 2438, 1374, 983, 1309, 1347, 592, 625, 565, 741, 182, 928, 983, 664, 515]

Score
REACTIVE1:12
REACTIVE2:8

|-----------------------|

Total number of games: 20
Average game length: 339.3
Game length vector: [166, 376, 455, 692, 239, 231, 320, 189, 378, 351, 470, 189, 600, 601, 149, 231, 404, 467, 65, 213]

Average #throws: 16.1
#throws vector: [12, 27, 28, 22, 21, 14, 12, 10, 14, 12, 27, 15, 21, 34, 6, 10, 9, 15, 3, 10]

Average #steps: 754.55
#steps vector: [492, 1073, 1233, 1373, 643, 603, 679, 471, 666, 649, 1171, 559, 873, 1456, 378, 643, 756, 771, 137, 465]

Score
REACTIVE1:7
REACTIVE2:13

|-----------------------|

Total number of games: 20
Average game length: 455.5
Game length vector: [335, 1044, 973, 282, 311, 377, 144, 708, 221, 525, 215, 192, 1015, 234, 336, 280, 299, 265, 813, 541]

Average #throws: 19.6
#throws vector: [12, 34, 23, 11, 19, 17, 7, 26, 20, 31, 12, 10, 40, 10, 18, 22, 14, 18, 25, 23]

Average #steps: 954.6
#steps vector: [698, 1762, 1713, 634, 799, 783, 377, 1426, 558, 1356, 629, 464, 1799, 527, 977, 707, 611, 680, 1247, 1345]

Score
REACTIVE1:10
REACTIVE2:10

|-----------------------|

Total number of games: 20
Average game length: 382.26666666666665
Game length vector: [127, 498, 226, 288, 362, 371, 475, 466, 462, 119, 207, 150, 140, 292, 772, 254, 639, 684, 235, 389, 129, 536, 610, 425, 71, 374, 543, 645, 392, 587]

Average #throws: 15.9
#throws vector: [12, 11, 5, 14, 16, 17, 25, 22, 10, 15, 5, 20, 29, 17, 5, 15, 19, 22, 16, 23]

Average #steps: 852.35
#steps vector: [483, 371, 313, 742, 1015, 742, 1298, 1055, 584, 1038, 282, 1217, 1543, 974, 172, 1033, 1101, 1222, 689, 1173]

Score
REACTIVE1:10
REACTIVE2:10

|-----------------------|

Total number of games: 20
Average game length: 409.5
Game length vector: [125, 772, 1068, 291, 68, 203, 339, 226, 782, 107, 532, 357, 773, 375, 211, 781, 259, 110, 134, 677]

Average #throws: 17.15
#throws vector: [11, 42, 33, 8, 3, 8, 15, 8, 19, 5, 28, 12, 32, 18, 8, 38, 14, 8, 5, 28]

Average #steps: 915.55
#steps vector: [372, 1640, 2112, 924, 155, 544, 868, 361, 1146, 348, 1311, 903, 1827, 1074, 544, 1577, 594, 305, 364, 1342]

Score
REACTIVE1:12
REACTIVE2:8

|-----------------------|

Total number of games: 20
Average game length: 500.05
Game length vector: [372, 815, 403, 531, 928, 277, 149, 445, 161, 954, 377, 107, 420, 1391, 545, 46, 116, 634, 590, 740]

Average #throws: 20.45
#throws vector: [15, 38, 18, 19, 47, 14, 5, 17, 9, 40, 16, 11, 16, 38, 24, 5, 5, 23, 21, 28]

Average #steps: 1059.9
#steps vector: [661, 1645, 885, 1010, 2311, 622, 314, 1211, 383, 2090, 910, 292, 984, 2156, 1105, 120, 205, 1594, 1004, 1696]

Score
REACTIVE1:8
REACTIVE2:12

|-----------------------|

Total number of games: 20
Average game length: 338.85
Game length vector: [314, 557, 176, 115, 161, 427, 204, 534, 887, 440, 95, 322, 88, 329, 137, 431, 265, 430, 481, 384]

Average #throws: 15.7
#throws vector: [17, 14, 9, 5, 5, 23, 13, 18, 22, 20, 5, 18, 7, 24, 9, 24, 11, 19, 27, 24]

Average #steps: 766.7
#steps vector: [865, 799, 422, 239, 382, 1009, 516, 932, 1493, 1110, 219, 696, 204, 885, 287, 1254, 644, 928, 1280, 1170]

Score
REACTIVE1:6
REACTIVE2:14

|-----------------------|

Total number of games: 20
Average game length: 472.35
Game length vector: [366, 323, 245, 443, 419, 368, 1376, 311, 726, 282, 658, 101, 364, 490, 600, 261, 595, 343, 817, 359]

Average #throws: 19.3
#throws vector: [14, 10, 14, 17, 12, 19, 52, 14, 20, 14, 23, 8, 14, 18, 27, 10, 23, 15, 41, 21]

Average #steps: 1026.65
#steps vector: [807, 630, 768, 904, 621, 787, 2772, 739, 1274, 685, 1508, 231, 710, 1203, 1375, 631, 1206, 808, 1946, 928]

Score
REACTIVE1:9
REACTIVE2:11

|-----------------------|

Total number of games: 20
Average game length: 365.1363636363636
Game length vector: [231, 737, 584, 417, 677, 425, 293, 180, 946, 134, 344, 225, 374, 602, 508, 181, 318, 122, 291, 766, 197, 194, 409, 652, 340, 217, 613, 559, 179, 117, 258, 474, 104, 291, 477, 372, 395, 284, 240, 452, 359, 104, 197, 227]

Average #throws: 14.85
#throws vector: [16, 12, 18, 26, 10, 8, 20, 29, 9, 12, 24, 13, 15, 13, 7, 18, 22, 6, 8, 11]

Average #steps: 701.95
#steps vector: [865, 402, 1129, 1370, 368, 251, 693, 1159, 266, 707, 981, 868, 818, 676, 333, 929, 1019, 221, 458, 526]

Score
REACTIVE1:12
REACTIVE2:8

|-----------------------|

Total number of games: 20
Average game length: 368.6
Game length vector: [387, 302, 983, 114, 127, 266, 685, 293, 589, 124, 342, 603, 409, 100, 576, 199, 476, 105, 323, 369]

Average #throws: 15.2
#throws vector: [15, 15, 32, 10, 7, 10, 22, 10, 24, 10, 11, 25, 14, 9, 22, 10, 17, 7, 12, 22]

Average #steps: 785.35
#steps vector: [765, 613, 2124, 362, 326, 524, 1353, 745, 1091, 329, 693, 1250, 681, 260, 1172, 597, 959, 280, 704, 879]

Score
REACTIVE1:11
REACTIVE2:9

|-----------------------|

Total number of games: 20
Average game length: 294.65
Game length vector: [499, 210, 75, 131, 277, 379, 379, 455, 373, 185, 411, 123, 491, 323, 284, 315, 341, 343, 162, 137]

Average #throws: 14.0
#throws vector: [19, 15, 8, 10, 20, 13, 16, 19, 13, 7, 19, 9, 21, 15, 14, 14, 21, 16, 7, 4]

Average #steps: 716.95
#steps vector: [1073, 604, 217, 341, 680, 1107, 719, 990, 894, 515, 1015, 339, 995, 929, 779, 743, 869, 814, 387, 329]

Score
REACTIVE1:11
REACTIVE2:9

|-----------------------|

Total number of games: 20
Average game length: 412.75
Game length vector: [214, 207, 538, 97, 475, 1117, 366, 232, 609, 426, 614, 270, 324, 537, 826, 229, 182, 558, 150, 284]

Average #throws: 16.1
#throws vector: [11, 10, 20, 7, 21, 27, 15, 10, 19, 13, 24, 13, 9, 17, 36, 15, 8, 21, 9, 17]

Average #steps: 900.85
#steps vector: [557, 405, 1313, 254, 963, 2030, 849, 589, 1160, 981, 1321, 666, 687, 892, 1743, 672, 479, 1312, 452, 692]

Score
REACTIVE1:6
REACTIVE2:14

|-----------------------|

Total number of games: 20
Average game length: 425.4
Game length vector: [330, 207, 41, 921, 237, 496, 370, 531, 380, 181, 266, 366, 959, 491, 481, 83, 895, 451, 350, 472]

Average #throws: 17.45
#throws vector: [14, 9, 5, 27, 8, 23, 14, 26, 16, 10, 15, 12, 32, 25, 24, 5, 23, 15, 24, 22]

Average #steps: 889.05
#steps vector: [835, 462, 114, 1729, 715, 1074, 778, 1435, 768, 417, 703, 668, 1440, 1135, 1048, 131, 1407, 944, 851, 1127]

Score
REACTIVE1:15
REACTIVE2:5

|-----------------------|

Total number of games: 20
Average game length: 400.7
Game length vector: [192, 231, 791, 252, 231, 586, 206, 741, 298, 281, 1041, 225, 343, 390, 309, 368, 335, 240, 441, 513]

Average #throws: 16.4
#throws vector: [8, 12, 37, 12, 9, 22, 9, 36, 13, 12, 24, 14, 8, 24, 15, 10, 17, 9, 16, 21]

Average #steps: 858.2
#steps vector: [575, 574, 1644, 524, 442, 1052, 536, 1763, 466, 721, 1565, 589, 924, 1021, 658, 725, 823, 576, 907, 1079]

Score
REACTIVE1:6
REACTIVE2:14

|-----------------------|

Total number of games: 20
Average game length: 440.6
Game length vector: [347, 262, 685, 255, 109, 238, 296, 184, 801, 162, 690, 104, 497, 599, 1246, 231, 823, 388, 159, 736]

Average #throws: 18.95
#throws vector: [18, 13, 23, 9, 5, 18, 14, 8, 25, 11, 19, 8, 16, 25, 52, 15, 43, 20, 13, 24]

Average #steps: 923.8
#steps vector: [931, 630, 1508, 518, 202, 712, 803, 427, 1619, 312, 1198, 282, 944, 1211, 2276, 685, 1894, 870, 327, 1127]

Score
REACTIVE1:7
REACTIVE2:13

|-----------------------|

